36.89,93.99,136.3,50.7,196,56.86,1
49.67,39.02,412.3,59.6,133,40.34,2
86.51,63.06,35.4,78.5,86,51.9,0
51.74,53.04,678.5,32.6,82,24.46,2
71.62,35.86,71.2,44.7,96,71.89,3
72.81,27.42,78.1,72.5,167,55.38,0
38.04,64.93,106.3,48.8,183,58.76,1
62.93,56.91,415.0,45.7,76,32.34,2
12.99,29.02,71.4,62.9,114,74.58,3
20.53,44.76,861.6,39.3,147,70.45,2
12.9,13.9,322.8,32.3,135,10.14,2
62.62,89.49,98.8,63.7,161,53.66,1
97.3,55.63,168.8,85.7,166,61.16,0
65.72,21.04,35.1,50.9,106,97.17,3
92.93,67.89,48.3,82.8,88,49.44,0
61.77,10.05,340.8,36.0,121,22.61,2
22.37,26.85,596.3,47.9,135,39.32,2
12.78,60.13,593.1,55.2,80,73.22,2
61.41,43.44,8.8,49.2,99,74.99,3
72.86,40.43,92.2,63.0,96,61.49,0
72.72,17.62,113.0,66.9,101,24.1,0
62.76,20.31,56.9,63.0,114,49.56,0
24.3,26.83,413.0,45.8,139,27.27,2
97.18,30.27,177.2,83.2,66,21.48,0
49.43,44.57,426.0,43.3,131,30.4,2
45.09,21.36,413.1,40.1,58,18.13,2
50.56,15.63,130.3,57.6,105,96.77,3
13.7,33.97,124.5,69.4,94,84.0,3
56.13,26.14,905.7,50.1,147,19.07,2
63.72,58.35,45.5,63.0,143,19.48,0
62.19,61.19,110.0,63.0,171,21.76,0
22.46,36.33,723.8,41.1,104,28.17,2
71.29,54.21,645.8,37.3,100,36.44,2
61.86,12.96,342.5,41.6,84,18.09,2
63.14,91.65,79.7,51.2,223,46.98,1
72.39,36.9,119.7,69.2,127,61.58,0
85.76,28.8,52.1,71.2,175,34.0,0
70.86,60.21,84.0,70.3,82,61.16,0
55.14,65.96,68.0,69.2,143,47.99,1
59.68,30.7,953.6,56.8,115,45.65,2
63.64,22.82,598.3,41.0,98,59.11,2
22.92,83.29,86.6,49.0,170,53.48,1
51.28,79.94,41.2,52.5,166,43.3,1
12.25,41.09,141.3,60.2,108,97.87,3
65.16,31.03,108.7,63.0,85,33.31,0
37.91,25.71,47.5,39.5,78,86.39,3
25.54,53.73,956.6,30.2,127,10.46,2
41.99,55.19,28.8,41.6,80,77.31,3
86.87,29.83,19.4,72.2,63,24.42,0
21.01,22.18,710.6,39.0,107,18.47,2
68.9,63.96,131.1,45.9,95,78.94,3
84.76,24.0,48.2,73.3,157,34.03,0
52.27,23.17,36.0,52.9,65,87.9,3
29.85,57.49,810.9,51.4,134,58.58,2
46.02,92.17,104.8,46.0,172,44.44,1
85.58,47.8,115.5,72.9,98,26.98,0
54.75,45.44,170.1,34.8,147,82.35,3
79.23,60.55,65.5,66.2,117,29.98,0
12.98,34.15,93.5,55.6,134,88.06,3
83.4,64.99,135.0,71.9,127,39.65,0
82.77,23.52,124.0,73.0,138,33.72,0
77.82,33.57,159.2,69.7,88,55.71,0
63.27,27.6,159.7,63.0,77,18.79,0
45.54,68.89,23.7,62.3,140,68.09,1
24.79,76.26,157.6,28.7,176,66.11,1
25.81,71.28,154.3,54.7,140,42.96,1
77.84,51.17,130.0,76.2,54,65.14,0
67.77,62.58,134.1,67.2,77,60.58,0
37.25,92.35,76.3,61.0,188,57.52,1
71.03,56.51,301.9,51.3,93,17.02,2
36.41,69.43,131.5,39.8,173,17.38,1
93.42,53.85,92.3,82.5,162,40.96,0
39.98,44.33,71.4,28.8,122,71.43,3
29.74,25.49,59.5,28.5,123,79.18,3
46.53,66.86,19.4,55.9,167,66.81,1
87.56,29.9,156.3,78.1,166,28.44,0
30.82,66.21,68.7,64.2,140,52.29,1
56.81,24.61,89.2,46.3,110,78.1,3
29.93,64.74,75.6,61.1,51,84.42,3
25.63,81.97,22.7,33.1,149,42.56,1
24.27,24.69,658.7,67.2,111,66.1,2
23.42,59.73,545.5,49.9,144,73.34,2
69.76,26.34,69.2,54.5,156,70.61,3
72.0,35.44,676.6,39.5,77,40.95,2
47.16,90.62,127.2,48.2,187,44.37,1
74.73,25.92,355.0,32.5,117,68.9,2
70.47,25.48,284.4,39.2,126,53.73,2
69.45,63.94,573.3,43.8,93,74.45,2
29.8,39.33,162.0,49.0,92,68.79,3
68.9,39.49,23.7,63.0,163,27.34,0
75.61,35.02,6.7,63.0,139,63.61,0
20.04,56.2,911.3,50.6,103,76.15,2
71.97,90.19,92.2,34.6,183,63.53,1
94.82,20.36,16.2,81.5,50,39.86,0
38.14,63.09,247.6,37.6,136,66.95,2
70.3,63.38,11.9,63.9,109,22.33,0
71.71,49.58,68.5,45.1,114,94.66,3
90.68,45.66,44.3,80.1,162,60.76,0
85.55,49.83,27.6,72.5,92,15.76,0
92.66,45.12,155.9,77.1,69,48.26,0
28.03,95.22,81.7,41.1,200,8.42,1
53.19,52.93,142.6,30.6,157,88.8,3
13.35,50.5,152.1,51.7,163,99.45,3
16.76,63.12,6.6,40.4,140,22.56,1
22.24,10.37,359.2,32.6,92,19.45,2
56.44,69.27,61.1,39.2,163,18.16,1
56.15,47.07,260.1,55.4,67,44.07,2
95.19,63.37,91.0,83.2,124,42.58,0
35.88,66.1,115.0,33.5,140,59.98,1
19.19,44.12,291.4,49.8,103,54.88,2
26.41,87.98,107.5,66.3,187,69.11,1
31.98,87.24,175.9,65.2,164,33.36,1
18.59,50.33,150.6,49.9,151,96.39,3
56.05,63.38,125.0,35.3,140,26.08,1
36.08,64.76,27.7,57.3,140,10.8,1
56.46,77.35,116.3,31.2,140,19.27,1
46.21,63.77,548.9,62.1,117,11.84,2
67.1,59.8,27.7,38.7,72,98.51,3
67.36,58.83,33.6,63.0,50,51.31,0
46.36,19.95,46.1,41.4,117,81.79,3
33.25,28.3,860.2,45.0,152,65.57,2
43.48,48.03,123.1,63.2,116,84.8,3
41.8,36.21,576.2,40.7,148,44.95,2
63.13,16.0,156.7,64.1,159,40.13,0
34.24,24.79,35.0,46.3,125,71.99,3
63.82,88.14,138.8,66.1,179,69.03,1
59.94,37.9,6.7,42.9,69,72.22,3
86.04,22.98,29.9,77.0,145,50.06,0
65.2,89.32,33.1,36.9,195,26.72,1
43.07,30.5,141.4,42.8,85,97.84,3
35.01,93.13,182.6,58.8,217,36.87,1
71.57,23.81,179.1,63.0,156,47.02,0
46.56,97.62,144.3,66.9,221,49.41,1
80.9,65.09,128.9,71.5,83,51.81,0
75.9,63.92,156.9,70.5,68,14.29,0
85.35,39.71,18.8,75.0,123,34.33,0
24.53,11.14,847.0,44.8,146,55.67,2
34.91,52.09,440.7,48.0,142,44.96,2
15.15,33.02,159.5,43.7,165,77.58,3
91.41,49.84,74.5,92.8,115,69.29,0
40.6,82.84,7.5,37.0,183,11.91,1
68.84,65.15,31.9,64.3,86,10.98,0
72.78,56.58,171.2,63.0,60,44.51,0
21.29,81.08,132.2,41.0,175,47.02,1
76.31,65.22,87.8,74.4,126,36.68,0
55.6,43.37,63.6,54.1,63,80.79,3
38.12,78.55,36.4,59.5,199,41.69,1
16.42,86.19,75.3,67.3,156,57.59,1
29.12,55.73,191.6,49.2,58,70.02,2
19.01,27.23,411.3,52.0,110,25.66,2
91.54,23.75,39.9,73.7,100,24.13,0
62.9,16.78,23.3,63.0,97,27.32,0
31.36,27.59,555.3,43.1,120,61.04,2
41.58,61.9,635.5,54.5,108,44.62,2
15.84,43.33,444.4,62.0,158,36.97,2
17.2,38.77,80.9,49.9,82,97.48,3
62.13,98.11,82.6,32.3,188,44.95,1
38.18,51.5,751.1,60.1,104,23.79,2
69.27,85.29,93.9,37.0,198,69.74,1
62.79,52.36,96.6,57.8,109,74.97,3
71.14,60.37,913.9,36.1,119,19.33,2
48.45,23.73,138.2,29.1,130,84.34,3
58.89,69.97,42.3,45.3,140,41.3,1
12.81,45.11,324.6,52.5,160,39.39,2
74.78,26.98,360.4,55.6,159,55.42,2
64.74,35.55,91.7,63.0,108,71.72,0
25.71,48.04,162.5,31.3,117,77.81,3
94.24,24.3,99.5,81.3,168,41.6,0
66.58,43.66,547.3,48.6,116,36.98,2
70.51,73.87,129.3,49.7,180,45.34,1
55.36,54.39,155.9,28.7,162,91.28,3
42.58,31.77,25.3,46.8,149,95.3,3
41.15,70.25,172.3,68.0,142,44.03,1
63.71,81.77,102.5,42.0,140,16.02,1
89.96,67.83,93.8,71.5,72,19.88,0
22.59,83.2,149.0,46.7,162,66.23,1
68.45,37.55,69.5,67.4,122,48.41,0
97.96,25.99,27.8,91.1,66,69.35,0
71.97,73.97,67.5,36.6,146,38.2,1
16.36,57.56,990.9,49.9,52,52.91,2
70.79,14.7,119.5,63.0,97,58.16,0
61.24,58.26,869.5,54.9,144,11.47,2
64.13,16.53,369.0,34.6,91,11.7,2
91.74,15.97,141.5,81.1,57,61.17,0
17.81,25.73,136.6,57.5,163,85.32,3
63.91,43.13,164.7,63.0,79,44.11,0
28.04,19.45,502.8,30.6,70,59.01,2
32.86,22.75,520.3,43.4,140,19.08,2
12.65,50.74,141.9,65.0,132,68.16,3
68.31,88.04,159.3,51.5,165,16.01,1
68.9,32.46,53.0,63.0,119,47.36,0
53.16,65.49,126.2,60.8,140,53.4,1
17.35,76.13,120.7,52.8,140,35.53,1
42.9,51.26,841.5,62.5,134,63.66,2
75.61,25.23,171.4,67.7,154,46.85,0
67.43,40.42,160.6,59.6,127,97.18,3
17.28,57.79,35.4,59.8,116,74.9,3
48.44,66.65,90.5,62.8,140,47.11,1
56.7,64.01,7.6,34.8,143,53.77,1
30.63,48.83,411.4,36.2,51,31.92,2
32.36,19.74,725.2,30.5,111,16.09,2
41.6,60.15,443.8,61.3,66,38.38,2
28.75,85.25,140.5,61.7,173,41.34,1
32.1,25.05,365.8,59.9,139,65.41,2
62.34,14.59,17.7,63.0,64,59.0,0
73.27,26.38,43.6,76.3,125,24.28,0
77.44,34.16,16.8,79.3,114,43.01,0
37.53,62.15,103.5,41.8,140,32.68,1
29.0,39.02,166.3,53.1,52,84.67,3
17.03,86.45,13.2,68.4,180,23.08,1
39.37,65.31,116.1,33.0,152,22.1,1
53.14,23.32,692.5,58.0,70,75.93,2
27.38,24.06,535.1,57.6,102,13.58,2
13.63,36.07,716.5,57.5,163,52.73,2
94.46,57.19,152.8,69.2,174,52.88,0
21.7,49.32,811.0,65.0,165,13.93,2
97.62,57.13,91.1,91.8,123,43.73,0
63.39,32.89,346.4,62.1,92,15.41,2
49.27,55.62,85.2,70.8,134,87.18,3
24.58,56.21,61.0,39.2,92,96.51,3
70.61,21.03,54.1,34.8,107,93.32,3
30.51,38.66,52.9,54.0,122,86.35,3
62.9,63.7,7.7,61.6,81,99.35,3
49.68,37.87,161.7,32.0,160,68.47,3
61.84,98.99,44.5,44.2,225,10.86,1
20.55,29.82,388.3,54.9,105,28.47,2
41.42,65.29,49.8,63.2,66,75.58,3
25.74,35.78,720.0,47.7,129,67.92,2
23.63,20.53,84.0,32.7,70,99.13,3
32.81,61.2,809.2,35.0,68,28.03,2
37.98,21.68,514.9,64.2,158,56.5,2
66.98,14.6,545.4,62.0,59,18.94,2
17.57,29.64,96.0,33.5,132,99.43,3
54.94,20.47,67.3,45.0,141,91.02,3
35.8,43.13,130.2,66.6,144,69.19,3
75.26,16.96,89.1,72.7,118,37.67,0
35.55,42.04,689.3,31.4,144,40.55,2
22.94,53.0,89.8,59.5,61,82.68,3
38.59,21.69,56.1,62.8,154,95.79,3
98.0,52.83,20.4,89.9,121,60.26,0
88.87,61.84,133.3,81.6,126,67.56,0
28.26,66.8,175.8,61.1,171,13.99,1
32.99,67.08,18.2,54.8,106,71.29,3
53.91,77.29,109.6,31.0,170,46.35,1
70.47,41.12,6.1,63.7,175,13.91,0
32.38,58.59,96.0,67.1,125,82.38,3
21.52,83.93,27.9,42.5,195,68.6,1
66.2,40.32,140.9,63.0,117,26.45,0
69.25,44.52,158.6,63.6,128,50.01,0
57.57,19.29,57.7,53.8,79,83.79,3
47.71,57.28,661.6,40.0,160,60.77,2
63.9,19.37,52.9,63.0,138,61.42,0
18.43,66.65,60.2,31.0,140,26.1,1
85.88,40.8,116.4,70.6,115,67.68,0
65.54,54.27,103.4,40.1,100,76.6,3
43.55,66.89,9.0,35.6,113,72.46,3
70.53,76.64,71.5,33.0,143,32.47,1
69.47,79.01,72.6,62.7,185,12.97,1
64.89,72.5,49.3,32.7,140,72.31,1
76.25,51.51,161.6,63.0,93,37.48,0
34.15,62.77,460.1,66.5,89,10.86,2
48.23,51.94,132.6,40.5,69,75.34,3
33.57,63.69,83.6,28.1,140,59.64,1
70.22,54.42,375.6,65.3,107,26.3,2
24.56,63.97,300.0,33.5,126,68.63,2
41.61,86.99,55.6,51.1,173,45.48,1
51.13,57.65,78.6,28.2,140,85.17,3
53.49,56.7,68.6,30.9,97,73.29,3
58.23,48.83,63.8,71.9,86,94.04,3
43.2,56.02,169.6,39.6,156,82.99,3
92.8,47.9,12.4,73.7,125,46.8,0
16.24,34.77,611.4,29.5,130,39.38,2
50.9,14.46,667.5,29.6,66,77.88,2
34.33,45.34,165.4,50.8,58,76.61,3
41.37,60.72,251.8,62.2,143,17.1,2
58.17,18.86,84.2,56.8,132,74.95,3
62.71,69.44,95.3,67.6,151,52.77,1
19.17,49.66,158.8,61.3,116,75.06,3
70.78,34.69,23.4,65.1,138,12.64,0
65.89,68.14,128.4,64.7,140,22.71,1
49.34,24.71,621.3,53.0,129,67.8,2
54.74,59.68,235.4,38.5,91,10.18,2
44.72,69.54,136.9,39.8,82,82.94,3
61.51,42.88,783.1,43.2,98,30.62,2
70.09,70.59,160.0,53.1,160,16.91,1
15.9,89.56,14.9,42.7,171,68.91,1
44.02,75.69,99.1,49.5,164,50.77,1
17.74,55.22,756.6,33.5,152,31.47,2
48.98,91.9,14.8,38.6,203,64.75,1
81.96,17.55,99.7,71.3,50,64.15,0
53.27,55.98,131.2,34.5,66,75.96,3
72.27,15.45,164.6,40.5,107,80.23,3
32.56,43.36,137.5,54.3,152,88.23,3
53.37,33.16,164.8,31.0,123,69.06,3
36.73,67.51,97.1,62.3,140,38.06,1
14.03,71.71,9.5,54.8,141,66.22,1
67.99,38.51,50.9,61.7,102,90.48,3
69.03,70.57,126.9,54.4,142,57.43,1
60.18,90.83,12.7,49.0,216,41.8,1
15.2,94.92,174.3,46.4,196,36.85,1
60.4,48.91,63.4,44.3,156,97.92,3
62.26,60.54,57.7,63.0,96,48.93,0
32.32,23.49,17.8,64.7,101,81.02,3
95.02,44.5,138.2,80.9,134,68.43,0
65.97,96.56,52.5,31.9,206,48.28,1
69.19,57.49,919.8,61.0,147,16.16,2
81.03,61.35,34.2,73.0,59,19.28,0
46.95,80.85,105.4,41.7,158,20.29,1
13.95,46.48,995.7,54.8,130,58.66,2
95.11,47.02,99.0,77.0,93,30.91,0
73.63,23.61,63.6,67.4,99,25.94,0
83.03,46.57,127.9,69.1,93,19.25,0
42.84,78.3,153.8,28.3,149,43.17,1
69.24,49.27,144.1,53.5,87,72.94,3
57.26,36.73,146.2,44.1,110,68.92,3
53.18,90.39,86.1,46.9,169,20.99,1
44.19,54.89,65.8,66.8,110,97.2,3
18.95,87.2,154.6,64.9,179,27.11,1
74.62,60.9,157.0,71.8,124,58.53,0
64.75,17.28,539.0,36.3,105,40.23,2
91.97,67.33,130.9,81.5,173,36.31,0
87.07,45.88,161.5,80.5,82,45.0,0
73.54,51.68,118.1,30.4,82,72.73,3
97.11,35.45,94.7,84.4,69,43.19,0
62.94,45.35,157.6,63.0,144,57.65,0
58.71,92.97,91.3,49.3,207,59.07,1
31.85,51.85,498.0,32.5,114,32.71,2
72.58,27.64,777.4,58.0,68,62.22,2
30.89,83.49,101.0,69.1,186,21.7,1
61.81,36.28,571.4,60.3,66,55.75,2
73.43,65.83,7.0,51.3,113,88.33,3
38.12,81.92,181.7,33.2,214,55.42,1
52.45,68.77,110.2,67.5,153,67.95,1
69.45,54.87,117.4,64.8,56,72.18,3
40.62,51.05,186.1,56.5,93,77.94,2
92.24,28.51,28.0,85.5,53,24.19,0
27.04,85.31,27.5,28.3,196,18.29,1
96.4,25.33,115.6,83.3,99,33.62,0
67.05,44.37,287.3,43.8,144,28.21,2
74.49,36.07,113.7,63.4,139,23.14,0
57.11,48.85,99.3,50.9,148,80.78,3
16.67,74.91,150.8,61.6,185,13.38,1
64.45,93.64,183.1,63.4,168,72.25,1
52.79,11.74,888.4,39.3,89,69.79,2
21.63,93.35,158.5,31.5,210,58.28,1
56.86,89.88,160.1,60.8,207,29.84,1
38.06,26.92,207.7,62.2,100,65.84,2
72.31,27.13,179.5,71.8,95,29.69,0
20.78,28.47,15.1,56.9,157,89.52,3
55.19,84.26,100.2,36.6,198,68.28,1
62.18,10.09,563.2,32.9,83,43.22,2
63.54,78.29,174.2,43.6,167,49.1,1
34.42,68.35,181.7,38.0,98,88.39,3
19.67,41.6,171.4,72.0,123,93.78,3
58.6,58.76,435.9,38.2,62,16.6,2
63.06,73.9,83.4,62.0,155,45.47,1
67.77,26.54,78.7,72.7,170,15.4,0
26.73,55.89,85.6,48.9,76,68.12,3
37.02,28.64,100.0,65.9,75,72.09,3
54.02,91.91,151.3,53.7,196,63.22,1
12.46,31.82,343.9,65.1,66,71.18,2
65.99,48.14,10.1,63.0,105,25.11,0
35.87,99.17,17.6,60.4,189,34.71,1
36.24,36.3,239.4,40.7,118,43.81,2
16.75,37.17,148.2,52.2,143,96.02,3
29.47,46.86,119.1,65.6,148,69.48,3
31.94,28.12,8.5,50.8,53,89.72,3
17.52,72.47,139.6,46.9,175,28.36,1
19.66,57.93,48.6,60.9,134,68.23,3
60.54,24.63,640.9,37.7,126,67.93,2
28.61,62.61,178.1,50.4,68,76.01,3
95.79,16.13,179.4,83.0,74,41.91,0
67.97,54.5,176.7,63.0,129,31.18,0
72.02,15.15,46.6,63.0,124,51.63,0
62.2,20.73,19.2,63.0,168,38.33,0
18.5,65.82,23.2,32.7,129,74.97,3
49.94,96.35,88.5,47.2,183,27.22,1
50.53,16.37,427.9,61.9,96,50.95,2
14.15,41.49,180.1,53.8,140,75.58,3
86.05,44.67,124.0,64.9,64,70.51,0
23.41,44.11,980.0,61.5,68,65.03,2
45.72,71.0,157.9,53.9,140,20.31,1
31.85,28.05,258.3,52.1,137,56.05,2
69.86,32.08,8.1,63.1,105,59.21,0
28.11,37.7,813.8,66.1,112,62.83,2
18.59,34.6,651.7,38.9,126,75.73,2
50.79,92.85,77.8,55.9,233,18.74,1
64.26,74.16,142.7,54.4,149,50.64,1
53.73,35.07,23.2,63.3,59,95.06,3
62.94,64.71,154.5,63.0,157,26.02,0
34.78,32.08,821.0,39.9,68,70.73,2
70.96,25.07,43.6,64.4,129,41.38,0
39.75,10.79,563.0,55.8,133,22.88,2
37.06,67.66,33.6,46.1,190,10.95,1
58.92,36.56,981.1,58.1,74,49.61,2
40.96,17.54,867.4,43.7,120,55.0,2
46.75,67.73,44.9,68.8,140,66.71,1
66.57,77.16,146.1,46.9,160,37.62,1
53.14,52.5,272.7,55.9,103,18.79,2
42.86,25.37,995.4,61.8,99,50.01,2
46.77,64.05,25.6,39.3,164,38.61,1
33.26,92.45,38.4,58.8,218,56.99,1
50.57,31.93,867.6,61.1,127,14.37,2
16.28,11.01,289.1,56.8,59,37.06,2
34.33,48.99,448.0,39.4,77,43.59,2
50.93,14.51,467.4,32.2,137,58.73,2
50.89,74.27,174.6,49.9,176,28.27,1
17.67,33.1,80.7,49.2,70,81.21,3
34.41,48.47,7.8,63.3,98,73.28,3
98.63,43.26,32.9,78.0,172,38.64,0
59.32,94.76,160.5,39.9,222,22.16,1
64.67,52.37,54.6,53.9,53,75.8,3
56.75,66.74,72.4,48.3,174,11.48,1
54.37,58.65,77.7,47.4,80,96.74,3
25.21,18.3,173.0,58.7,114,83.47,3
47.37,76.19,141.5,56.5,140,48.71,1
96.35,40.76,157.4,76.3,61,24.07,0
91.68,63.98,76.5,77.7,86,49.69,0
30.22,51.12,50.7,30.2,110,73.85,3
15.87,25.89,113.0,65.4,107,84.65,3
14.76,61.52,124.0,66.5,99,84.47,3
54.27,62.07,167.9,65.6,96,68.02,3
53.57,91.66,68.0,58.0,175,25.25,1
73.73,44.24,6.9,36.3,115,90.88,3
35.31,13.14,820.9,48.7,105,26.05,2
22.75,39.15,23.9,33.5,77,88.32,3
26.28,26.89,859.3,60.2,80,16.22,2
59.32,67.48,87.0,51.0,68,70.27,3
25.86,74.15,147.1,41.4,164,52.15,1
94.46,57.55,175.8,78.2,70,68.42,0
51.58,17.5,62.6,34.9,95,89.05,3
88.35,36.61,89.1,71.9,142,14.01,0
71.54,36.96,138.2,63.2,151,48.32,0
90.15,21.61,127.1,72.5,147,39.44,0
80.32,43.31,174.6,67.1,133,13.62,0
32.47,12.07,879.0,47.0,92,46.66,2
25.08,96.4,145.5,35.0,199,9.9,1
53.2,90.81,136.6,35.6,184,41.16,1
52.68,68.78,72.2,56.4,167,69.65,1
43.24,30.01,19.3,66.8,97,90.44,3
86.42,15.21,114.6,77.8,159,49.26,0
14.4,60.68,192.9,48.1,112,13.26,2
32.1,62.39,667.7,57.8,105,17.45,2
12.97,30.06,117.7,30.6,56,96.1,3
59.5,75.53,180.4,40.2,176,53.48,1
45.25,72.48,22.0,32.9,151,17.25,1
74.51,30.06,86.0,63.0,135,26.16,0
51.87,22.32,560.4,42.0,129,13.88,2
83.86,58.76,12.0,70.6,101,17.07,0
88.15,60.97,124.6,71.2,119,13.25,0
50.8,90.21,12.6,48.3,180,32.13,1
68.75,78.48,100.7,30.2,177,26.16,1
53.28,63.36,137.2,29.3,88,90.88,3
30.15,65.56,41.6,63.7,157,71.07,1
69.38,83.2,128.4,34.1,176,64.13,1
68.79,56.88,79.9,63.0,94,20.84,0
82.23,38.95,126.8,75.9,125,54.92,0
18.94,26.9,122.8,41.8,84,93.17,3
57.21,36.59,19.9,51.6,104,98.79,3
82.08,53.77,101.4,75.4,51,51.52,0
17.01,77.96,91.1,41.1,189,44.16,1
50.58,35.64,108.9,47.3,82,86.37,3
28.66,71.65,133.7,64.6,140,25.05,1
72.89,57.17,19.0,63.0,128,71.27,0
40.94,44.98,439.2,45.2,137,62.88,2
77.8,44.22,169.0,73.4,54,41.07,0
67.36,43.0,292.6,64.7,118,10.53,2
67.09,21.57,37.5,65.0,154,14.63,0
66.62,72.23,144.1,43.2,159,52.66,1
32.93,84.73,116.4,59.2,203,31.29,1
66.7,18.16,90.2,64.0,77,19.71,0
19.34,20.7,980.5,55.2,92,25.8,2
56.15,93.27,33.0,47.3,207,23.54,1
15.21,44.36,841.9,62.1,58,54.49,2
73.96,22.43,157.5,63.4,123,30.0,0
28.29,51.86,83.9,50.6,60,84.24,3
63.14,75.55,169.8,45.2,178,42.03,1
16.7,31.31,408.6,52.8,118,30.09,2
19.32,41.26,39.4,40.1,149,99.48,3
70.63,17.31,496.5,46.9,102,57.97,2
58.09,27.92,251.6,44.1,98,63.33,2
36.92,82.86,84.8,45.8,167,52.34,1
67.79,39.91,67.9,63.0,112,44.58,0
68.31,59.71,118.7,63.0,50,63.89,0
65.27,64.33,21.0,63.0,160,26.42,0
16.29,32.12,221.9,65.5,117,71.86,2
74.24,32.01,123.7,66.2,127,69.62,0
24.69,41.57,17.6,70.1,110,79.05,3
16.49,62.07,156.6,62.0,159,23.41,1
40.65,42.1,179.2,61.6,77,71.32,3
62.45,66.25,121.0,69.5,155,42.0,1
95.32,67.16,25.5,81.9,62,54.91,0
97.73,57.05,45.4,89.5,57,21.06,0
28.81,99.56,79.9,65.9,221,12.98,1
20.01,55.13,466.0,54.7,147,53.22,2
95.01,44.59,10.8,82.6,127,63.29,0
72.04,22.24,172.2,63.8,110,31.3,0
49.12,46.34,189.4,56.3,158,39.38,2
24.4,36.25,898.2,41.3,106,40.2,2
58.02,33.55,376.5,45.8,125,31.96,2
74.66,39.15,676.0,55.8,68,43.97,2
33.54,45.58,517.3,49.3,153,34.39,2
15.82,20.29,19.8,62.7,126,76.87,3
40.1,28.39,74.7,51.3,66,82.48,3
72.54,57.2,90.5,63.0,162,29.45,0
67.18,61.14,157.6,63.0,92,71.48,0
38.01,14.09,88.8,49.4,106,79.48,3
22.34,75.82,144.7,64.7,179,44.77,1
88.2,47.71,55.3,71.8,54,10.16,0
48.04,49.4,155.5,41.1,159,94.88,3
44.86,86.76,166.7,50.7,184,36.48,1
35.79,28.49,150.8,42.5,52,72.01,3
85.06,14.25,65.9,76.4,100,15.5,0
46.68,17.57,998.1,44.5,154,19.76,2
62.73,55.17,105.1,67.1,95,71.06,3
29.98,77.1,138.3,47.7,199,10.07,1
22.14,56.96,63.8,31.2,82,84.08,3
25.09,34.87,320.2,30.0,118,15.1,2
50.08,65.55,22.1,29.2,154,58.83,1
90.57,67.18,131.6,78.5,78,52.17,0
29.18,57.23,801.4,59.7,92,41.53,2
70.43,35.64,22.9,71.0,151,34.24,0
61.84,44.84,145.3,66.1,84,95.01,3
85.4,15.43,31.4,76.1,139,68.06,0
68.89,17.36,24.3,33.1,81,93.62,3
55.74,94.23,86.1,61.5,189,45.26,1
21.89,35.77,142.5,63.5,92,89.26,3
80.6,26.86,83.0,68.0,121,65.69,0
28.02,45.29,481.8,31.5,99,53.59,2
23.72,32.84,83.6,56.1,158,73.57,3
84.64,22.19,142.6,70.8,59,25.85,0
13.94,27.3,25.2,47.0,108,76.11,3
63.81,47.05,295.1,59.7,85,15.8,2
22.49,59.85,93.3,69.2,50,83.35,3
73.44,58.73,356.9,51.5,127,12.2,2
93.85,23.82,16.9,75.2,135,43.46,0
88.73,28.16,40.0,76.7,75,60.15,0
38.15,27.94,280.6,35.1,162,48.71,2
34.59,82.62,119.0,66.3,165,39.58,1
85.59,32.74,120.2,72.9,163,36.21,0
18.35,59.84,91.4,44.8,50,90.05,3
80.56,63.96,118.8,73.2,124,58.51,0
14.59,66.29,132.2,52.5,153,26.08,1
49.15,44.83,945.0,40.1,120,11.3,2
29.36,62.3,586.0,36.4,91,30.8,2
68.32,55.04,77.3,65.5,91,73.87,3
56.94,58.6,128.9,32.7,114,95.49,3
31.99,54.16,445.8,28.4,101,37.28,2
27.35,94.1,167.6,60.4,159,72.01,1
87.6,49.91,155.5,69.0,70,61.73,0
67.32,77.88,29.9,62.4,165,36.6,1
37.77,28.66,196.1,48.7,74,76.85,2
74.92,28.7,80.3,66.3,132,50.55,0
15.84,32.62,532.1,47.1,122,67.01,2
55.72,37.7,583.6,41.8,147,18.49,2
41.92,76.95,7.8,59.2,165,25.75,1
85.42,42.39,26.9,73.4,154,59.11,0
27.46,70.21,154.9,44.1,163,31.08,1
54.57,39.57,288.8,52.7,107,65.55,2
67.3,44.79,167.5,50.5,131,84.29,3
31.09,11.04,853.6,58.4,91,44.94,2
71.21,44.08,56.8,40.7,124,69.69,3
58.26,98.77,125.5,54.6,196,58.8,1
76.38,52.19,160.5,70.4,172,32.75,0
32.83,34.2,861.2,32.1,116,45.84,2
63.06,39.41,391.7,46.7,142,68.37,2
66.55,84.78,133.4,28.8,151,32.43,1
50.45,21.97,839.3,49.4,97,53.82,2
26.15,12.35,728.0,34.9,158,27.29,2
19.26,76.85,110.2,53.2,162,44.48,1
94.05,43.35,24.3,76.7,84,42.64,0
36.15,16.01,13.4,60.9,62,91.89,3
66.42,26.13,129.0,63.2,92,28.65,0
41.33,51.08,180.2,57.9,128,74.62,3
88.86,14.99,40.1,69.2,158,31.96,0
39.74,21.87,86.8,33.7,129,95.43,3
32.92,54.83,630.6,41.0,111,33.65,2
48.25,73.93,144.8,42.5,151,66.45,1
35.53,93.92,97.4,53.9,212,29.95,1
90.49,32.35,162.6,64.5,57,16.87,0
14.76,82.71,161.3,29.2,156,47.25,1
24.09,15.84,86.4,30.2,164,69.74,3
48.52,11.35,536.3,30.9,100,44.87,2
85.05,17.53,53.4,76.2,155,15.89,0
95.16,38.48,64.8,76.0,57,58.75,0
61.74,65.5,132.0,66.5,109,94.19,3
85.44,25.08,116.0,73.0,173,24.82,0
22.57,49.49,119.5,37.6,113,75.16,3
15.72,57.41,716.6,47.5,59,71.93,2
24.54,76.11,74.5,69.2,177,72.77,1
19.08,47.76,480.6,30.5,106,37.74,2
36.78,94.18,88.0,53.0,213,55.7,1
54.59,45.12,689.8,46.9,82,22.75,2
66.44,48.78,65.5,63.0,168,18.76,0
45.72,90.12,177.5,69.0,209,11.61,1
66.28,97.97,35.9,63.0,207,58.93,1
53.11,91.93,170.0,65.4,230,27.13,1
70.95,27.93,112.9,63.0,119,20.77,0
28.51,62.8,79.6,67.3,126,92.12,3
42.85,50.98,19.1,53.3,141,75.66,3
27.36,25.6,917.5,34.8,142,33.93,2
22.84,54.67,135.3,46.1,107,77.6,3
12.7,63.76,913.8,37.3,136,16.97,2
52.45,20.23,435.6,42.9,112,57.18,2
57.73,87.78,85.3,57.7,163,41.93,1
54.03,99.04,132.2,36.9,182,13.78,1
43.02,51.88,169.7,65.6,94,98.86,3
78.24,61.23,175.0,70.8,56,29.65,0
69.28,98.76,17.5,56.2,226,57.24,1
62.61,28.48,45.2,63.0,90,21.89,0
90.18,62.4,124.1,79.7,102,14.96,0
73.99,15.71,55.5,42.2,131,70.22,3
23.88,17.37,126.7,37.1,110,70.78,3
41.46,97.33,55.1,53.4,221,56.71,1
95.58,22.03,33.1,84.4,93,63.61,0
26.53,35.69,74.9,47.1,95,73.68,3
68.55,46.23,128.6,63.0,119,25.69,0
95.61,53.0,79.6,79.6,117,69.07,0
91.44,15.83,10.4,77.7,70,10.65,0
25.36,47.24,119.5,28.4,139,81.76,3
61.63,44.63,987.9,50.2,104,47.19,2
83.92,32.47,178.5,73.5,125,36.28,0
57.91,40.46,715.1,38.0,91,18.78,2
51.57,21.46,292.9,35.7,117,32.98,2
28.72,62.68,86.5,29.5,165,31.5,1
28.26,32.59,234.7,31.7,94,28.06,2
19.51,88.1,34.9,45.4,173,68.33,1
58.03,83.94,162.6,52.0,164,54.16,1
34.55,85.55,88.8,44.2,206,23.6,1
14.17,85.37,37.7,44.3,208,24.43,1
71.32,50.28,9.3,63.0,57,67.83,0
27.1,32.26,150.4,58.4,102,87.8,3
37.15,19.75,953.7,57.8,61,16.59,2
41.89,13.47,586.2,56.2,128,30.52,2
28.59,19.76,86.0,60.4,102,86.55,3
91.91,22.1,35.9,71.6,92,29.36,0
93.93,57.35,149.3,82.2,162,45.99,0
97.87,22.28,147.8,85.7,98,31.15,0
44.25,41.98,122.5,60.4,130,94.62,3
64.22,95.43,7.8,46.3,202,47.25,1
56.04,62.87,124.2,36.0,140,38.92,1
53.7,26.3,43.2,42.7,112,69.1,3
42.92,72.56,78.8,60.1,152,34.43,1
71.32,40.66,766.0,66.7,155,10.93,2
66.17,88.61,45.5,52.5,197,62.28,1
71.43,90.53,86.9,50.5,226,48.1,1
19.25,49.25,129.2,50.7,105,81.55,3
80.27,36.62,136.7,67.6,78,70.4,0
73.6,67.01,179.5,52.8,71,86.63,3
23.92,47.22,459.9,48.4,104,77.52,2
51.06,54.66,884.2,51.3,147,74.5,2
35.44,62.47,938.3,45.0,85,74.39,2
33.14,54.21,11.6,59.7,52,69.75,3
75.45,15.46,136.2,68.8,131,23.86,0
65.61,53.0,37.6,63.0,50,22.78,0
69.69,46.81,226.2,49.8,95,14.69,2
67.98,76.11,179.1,67.4,170,72.46,1
51.55,46.94,837.2,35.2,110,56.3,2
45.71,96.25,35.6,40.5,189,28.78,1
57.56,55.15,7.4,33.0,56,81.24,3
35.33,70.96,133.3,44.0,141,68.34,1
34.5,33.36,85.6,59.3,136,69.58,3
95.85,19.76,14.1,80.3,142,40.72,0
92.27,22.38,125.4,88.7,160,34.63,0
60.26,54.73,51.7,47.3,73,76.8,3
55.3,43.7,76.1,47.6,149,98.11,3
69.93,28.97,120.7,46.0,150,79.22,3
34.04,49.49,856.2,38.6,106,73.76,2
55.94,95.43,53.8,65.0,193,56.75,1
15.85,38.17,590.0,36.1,54,26.6,2
25.03,31.62,57.7,39.3,79,93.25,3
60.06,64.91,30.7,61.2,155,88.26,3
44.81,47.96,114.2,40.5,109,79.71,3
65.48,66.44,132.3,63.0,83,69.51,0
40.06,17.81,213.5,44.7,157,48.69,2
21.87,29.97,52.3,49.0,137,68.9,3
18.83,61.1,107.9,61.9,165,92.02,3
15.44,17.01,166.0,44.8,99,73.51,3
96.8,32.05,10.5,89.4,77,58.43,0
14.61,22.9,818.6,63.7,162,73.4,2
30.61,11.41,646.5,47.5,128,63.47,2
48.27,52.23,158.1,36.3,75,74.66,3
65.75,21.39,73.7,63.0,114,46.09,0
58.21,88.43,51.5,64.9,174,50.03,1
64.63,26.93,713.2,42.3,129,68.9,2
84.44,25.15,7.0,68.0,134,35.95,0
50.86,72.73,163.7,61.0,140,56.63,1
66.07,93.46,8.1,41.7,224,19.52,1
88.39,38.43,151.5,72.6,175,70.84,0
73.26,47.48,72.3,64.4,72,32.37,0
50.01,73.98,62.3,67.5,140,30.19,1
29.47,84.88,74.6,44.4,221,54.03,1
91.05,44.77,86.8,77.2,123,60.19,0
69.05,41.78,275.6,28.9,139,21.97,2
75.7,18.06,99.7,74.6,75,33.95,0
42.94,69.07,89.9,69.0,79,74.39,3
47.77,94.4,16.4,54.5,182,26.38,1
43.66,15.36,396.4,67.4,161,31.06,2
67.99,79.87,114.5,46.0,142,48.53,1
86.33,18.47,113.2,71.5,84,26.49,0
64.85,46.15,55.2,63.0,94,17.29,0
89.08,54.37,139.4,69.6,172,66.9,0
31.34,23.4,419.2,57.8,88,24.97,2
23.43,67.77,172.9,29.5,138,98.49,3
46.32,10.8,538.5,50.5,77,14.02,2
44.99,53.18,318.1,57.0,145,56.73,2
75.2,46.76,146.7,72.4,163,37.43,0
18.26,25.57,123.0,65.5,153,79.26,3
29.74,63.18,55.7,56.5,164,28.35,1
96.89,15.37,13.0,70.4,92,60.76,0
43.33,44.64,33.5,58.3,93,79.03,3
62.18,32.84,61.7,63.8,99,82.61,3
63.36,23.64,139.8,68.3,125,47.59,0
65.11,43.93,144.6,63.0,103,69.76,0
64.9,58.84,67.3,45.6,109,91.48,3
73.55,41.84,592.9,60.8,103,67.46,2
28.54,18.1,400.6,57.2,116,28.14,2
22.84,68.28,139.7,36.0,140,63.67,1
14.36,67.45,162.4,68.3,161,79.02,3
63.9,25.1,58.6,70.8,158,74.52,3
44.88,16.7,450.5,43.3,157,28.71,2
72.68,15.94,586.5,57.0,134,39.7,2
51.16,85.32,5.6,42.1,140,22.31,1
50.92,74.85,79.7,69.8,140,54.61,1
61.94,46.56,167.5,43.8,92,68.57,3
19.9,53.62,734.1,53.0,132,56.88,2
16.08,90.74,17.6,50.4,205,46.28,1
40.43,12.53,954.3,30.3,101,30.16,2
55.99,55.39,780.9,51.2,154,58.36,2
22.46,12.22,527.2,31.5,64,69.33,2
24.44,16.78,91.8,50.5,92,97.0,3
66.57,19.3,141.1,63.5,161,72.41,3
32.63,55.6,716.3,41.7,111,14.81,2
74.04,63.81,27.7,63.2,157,34.87,0
91.95,25.95,102.2,78.3,166,14.26,0
83.35,53.56,104.3,71.5,58,16.33,0
69.99,53.14,78.8,63.0,65,47.11,0
42.6,51.29,15.5,35.7,80,88.17,3
16.83,60.14,908.0,42.4,87,54.5,2
15.82,88.71,141.5,38.4,183,41.34,1
58.14,46.44,449.3,50.6,161,11.97,2
46.86,34.82,821.4,40.3,86,39.83,2
12.14,19.09,152.7,69.1,110,86.5,3
82.6,18.95,117.6,74.5,97,50.86,0
64.61,38.53,166.2,62.8,154,78.93,3
31.44,41.95,12.8,54.5,76,68.59,3
66.33,90.78,115.9,66.8,229,22.19,1
59.46,45.47,79.5,54.8,130,74.72,3
60.68,80.9,139.6,36.7,168,69.27,1
93.56,58.23,147.6,77.9,86,16.55,0
68.41,35.7,95.1,63.0,120,56.39,0
31.98,90.11,59.7,38.2,227,66.97,1
65.32,34.16,179.4,54.5,50,69.54,3
59.36,68.34,22.2,41.3,140,47.65,1
40.39,90.35,114.0,53.4,211,22.74,1
67.1,68.34,110.1,51.6,58,88.6,3
66.42,93.17,67.6,37.1,227,17.07,1
54.88,41.39,448.9,35.4,118,55.35,2
62.51,22.96,750.5,47.2,98,10.5,2
75.86,38.98,157.9,76.1,119,59.19,0
24.23,32.87,568.8,61.5,70,52.24,2
53.59,23.92,18.2,31.1,66,99.37,3
29.32,53.54,104.7,30.4,157,74.16,3
14.82,99.26,73.2,43.0,214,64.1,1
27.92,33.54,18.9,70.3,158,80.25,3
91.9,62.49,50.5,85.4,155,31.47,0
34.45,76.4,118.5,58.3,161,58.28,1
88.94,18.62,52.8,75.1,118,17.57,0
48.99,88.51,88.4,31.1,172,28.67,1
78.87,15.81,170.3,75.1,129,51.63,0
36.1,68.59,145.7,49.3,162,85.07,3
50.47,47.63,60.7,63.5,86,72.6,3
87.79,51.38,36.9,72.2,156,32.0,0
39.77,79.16,19.1,45.1,140,59.58,1
88.97,42.02,18.3,86.3,150,33.47,0
62.57,53.32,129.1,63.0,74,37.91,0
17.74,65.7,60.1,40.8,103,73.69,3
14.31,60.23,23.6,32.9,93,99.87,3
43.46,47.43,932.3,49.8,142,40.61,2
32.52,34.5,803.7,51.3,72,28.44,2
60.88,90.66,109.4,64.1,205,12.92,1
65.44,21.53,144.4,63.0,147,50.65,0
48.15,46.01,840.3,61.8,136,27.71,2
69.22,15.68,145.1,63.0,134,68.46,0
53.09,62.33,920.7,32.0,50,76.71,2
20.44,73.82,42.4,41.1,172,44.32,1
63.67,51.62,51.5,65.8,55,46.94,0
84.48,19.97,170.0,73.3,154,24.58,0
46.67,68.42,129.4,51.2,166,18.14,1
74.04,42.02,47.4,65.6,82,33.03,0
71.81,29.59,62.1,63.0,60,25.1,0
29.5,99.31,83.0,38.4,210,51.55,1
38.63,57.92,361.2,36.8,122,19.47,2
19.89,18.23,44.9,35.7,101,70.69,3
98.47,50.08,126.4,82.0,80,39.65,0
35.05,25.25,171.5,61.3,53,98.88,3
19.67,24.35,374.5,65.8,108,52.14,2
20.08,95.5,7.4,33.0,195,39.9,1
32.03,59.68,559.6,44.5,150,22.38,2
71.79,47.9,155.0,50.5,78,85.34,3
85.87,43.81,119.0,72.6,62,56.76,0
68.39,54.18,927.3,47.4,136,38.45,2
49.16,69.71,103.9,51.0,164,50.35,1
56.06,17.65,251.0,48.6,89,52.97,2
18.82,28.13,78.2,54.5,103,74.82,3
49.62,57.07,34.6,51.4,72,87.96,3
39.79,53.62,829.3,43.5,160,19.32,2
56.37,62.42,46.7,32.1,140,9.64,1
44.78,79.55,88.1,34.0,193,29.59,1
23.51,97.06,82.2,56.2,190,52.08,1
72.3,13.78,219.6,65.8,55,33.0,2
36.26,19.44,290.3,32.8,128,47.67,2
36.83,14.63,777.9,46.6,71,61.7,2
73.95,15.32,164.1,64.0,138,10.79,0
40.58,65.71,70.2,48.7,144,10.94,1
80.22,25.61,125.7,65.4,52,50.84,0
29.11,43.27,128.9,62.6,110,87.97,3
68.71,48.6,150.0,70.4,138,92.64,3
25.89,85.98,32.1,46.1,182,50.47,1
66.9,38.85,5.9,50.4,91,78.99,3
57.02,50.15,159.6,38.0,86,81.59,3
37.36,87.07,15.9,45.3,173,46.03,1
93.49,28.7,100.8,83.4,149,12.97,0
64.9,74.24,67.5,45.3,140,51.84,1
32.08,20.69,282.4,56.8,164,77.64,2
81.66,56.7,41.9,68.1,67,34.1,0
82.3,46.43,126.6,68.7,64,30.06,0
33.14,30.07,107.5,63.3,102,99.94,3
12.01,58.75,747.7,60.5,144,58.84,2
63.6,73.04,118.7,49.6,146,14.88,1
78.29,48.62,66.3,71.8,113,25.93,0
68.37,84.29,153.7,49.8,182,31.78,1
16.89,42.2,23.2,58.0,85,85.44,3
40.48,31.23,834.7,43.9,61,27.85,2
94.93,51.66,50.1,81.0,62,25.84,0
76.54,30.04,66.4,66.5,159,48.07,0
18.21,17.87,387.0,36.7,90,63.0,2
23.51,58.31,885.5,29.4,134,45.73,2
88.01,49.58,174.6,76.0,163,19.54,0
97.61,26.48,137.7,86.2,75,45.53,0
74.11,30.57,775.2,37.8,53,49.52,2
19.23,22.8,701.2,61.5,79,41.55,2
66.71,37.03,40.5,51.6,106,90.07,3
63.16,14.71,149.5,63.0,160,51.64,0
45.55,39.0,179.3,63.7,50,71.7,3
45.39,53.34,190.1,55.7,77,37.55,2
45.26,53.63,62.4,38.0,62,87.88,3
41.4,29.61,238.5,57.0,64,58.07,2
59.38,32.1,284.5,30.2,98,25.36,2
12.04,51.63,134.8,63.6,105,69.77,3
57.6,96.08,180.7,59.4,202,66.35,1
56.51,17.2,172.3,35.0,138,98.98,3
69.08,55.85,62.3,32.7,99,68.93,3
49.05,63.33,369.2,67.8,69,15.26,2
35.77,50.78,87.8,30.8,66,93.02,3
27.87,76.32,152.9,57.0,189,27.01,1
14.96,38.21,358.1,44.3,90,60.48,2
51.6,61.86,110.2,44.0,136,87.12,3
82.0,31.21,114.0,71.7,51,20.15,0
42.14,29.24,471.7,61.7,163,27.73,2
51.39,78.54,146.6,35.2,171,10.7,1
24.21,65.38,109.2,30.1,140,55.43,1
55.71,96.09,43.9,46.6,203,44.23,1
82.08,59.61,69.9,71.6,161,17.76,0
53.32,27.95,635.8,31.8,68,40.34,2
44.35,67.75,94.9,60.8,129,90.47,3
35.52,43.07,92.4,38.3,130,72.78,3
38.8,81.27,113.5,38.7,198,62.25,1
20.1,55.64,394.2,40.6,162,39.97,2
31.84,39.06,77.8,54.7,98,83.01,3
26.79,87.9,183.5,51.0,198,28.58,1
75.3,27.48,120.3,69.5,129,44.08,0
48.16,24.13,98.9,59.9,129,70.46,3
50.83,18.35,841.0,32.5,129,50.77,2
60.87,95.14,79.5,42.0,187,24.51,1
61.95,65.54,25.6,28.6,147,62.92,1
33.54,66.04,39.3,59.7,156,11.26,1
64.78,66.03,88.7,33.1,140,64.52,1
36.22,29.86,52.7,59.0,66,88.2,3
81.42,42.81,123.9,64.7,96,66.17,0
56.09,63.89,44.1,57.2,145,20.5,1
47.07,68.47,139.1,40.8,71,76.25,3
70.33,33.95,106.1,67.7,128,81.05,3
70.38,36.11,10.4,72.5,97,40.05,0
63.8,41.04,164.8,56.5,123,69.01,3
83.86,34.5,76.6,73.1,122,33.96,0
47.08,17.44,87.1,71.7,139,82.82,3
44.79,57.8,830.0,38.6,126,12.64,2
58.13,65.28,165.5,58.5,148,67.36,1
68.27,33.49,84.2,63.0,92,56.26,0
12.66,53.08,426.6,51.9,120,69.27,2
17.99,57.45,33.7,64.5,155,74.09,3
68.3,43.27,631.2,65.1,148,17.06,2
24.53,53.96,51.4,54.3,103,84.7,3
97.65,27.31,64.4,76.3,97,64.71,0
45.81,88.06,29.1,66.4,199,53.22,1
67.1,27.03,152.2,47.0,127,87.01,3
61.74,94.56,165.5,43.7,202,25.92,1
81.6,48.21,166.1,79.2,68,23.69,0
42.9,73.73,77.4,37.6,156,63.65,1
50.97,20.17,287.9,62.4,140,60.97,2
58.76,13.09,204.2,61.1,136,54.37,2
43.15,21.54,834.2,55.8,91,61.63,2
17.46,91.74,122.8,49.7,195,36.02,1
29.05,16.7,391.7,57.9,86,30.68,2
96.66,55.23,174.4,76.0,80,20.58,0
58.22,68.35,124.6,52.2,163,26.57,1
51.87,51.45,129.4,39.6,87,99.23,3
96.11,61.09,106.5,83.5,77,57.9,0
30.41,19.89,96.6,43.8,96,97.0,3
61.0,56.93,970.5,32.1,111,66.01,2
19.79,24.89,120.4,48.1,163,98.53,3
75.56,54.17,158.8,63.0,63,62.77,0
69.94,52.65,60.8,28.2,99,72.5,3
69.35,59.3,91.8,63.0,50,24.31,0
42.69,83.0,168.8,60.9,187,22.5,1
26.75,69.97,144.4,42.9,141,38.44,1
62.7,63.27,174.3,31.2,140,67.34,1
68.0,90.86,59.4,50.3,178,69.11,1
31.51,94.42,126.4,30.1,197,20.9,1
12.62,63.91,170.2,30.4,126,68.61,3
60.26,48.81,288.0,48.3,109,36.3,2
59.28,31.66,167.5,59.9,74,75.11,3
22.07,90.25,130.5,32.1,190,55.86,1
14.93,68.84,91.0,36.8,144,97.76,3
39.53,52.53,288.9,41.5,101,16.24,2
81.2,52.66,175.4,67.0,79,11.42,0
66.74,42.17,103.8,49.2,153,69.33,3
74.28,49.11,578.4,30.8,141,48.91,2
15.49,49.75,669.2,59.0,151,71.16,2
74.03,63.67,158.8,63.0,69,20.57,0
27.59,17.66,209.5,65.5,85,41.14,2
82.54,43.25,10.7,72.0,151,24.42,0
77.18,18.61,150.6,68.1,133,41.42,0
52.96,64.13,153.3,59.1,140,13.69,1
96.21,62.31,139.9,74.6,147,21.02,0
66.81,40.03,343.5,40.0,155,77.08,2
35.13,99.89,18.5,61.4,218,24.24,1
48.46,30.14,11.8,39.6,151,84.47,3
81.24,35.65,137.7,67.3,150,37.64,0
65.65,22.06,10.9,51.9,124,76.34,3
47.28,69.1,17.0,57.9,140,15.52,1
30.02,64.18,153.4,57.6,154,30.78,1
68.08,64.55,743.0,38.0,106,72.14,2
67.16,30.83,20.6,63.0,116,28.73,0
69.2,34.5,482.2,34.4,161,77.89,2
81.32,51.6,157.8,78.1,84,12.71,0
96.64,63.53,97.1,77.6,136,59.73,0
77.98,62.27,43.2,76.9,80,57.74,0
66.07,37.8,168.1,63.4,145,45.13,0
98.11,47.26,28.0,83.0,53,51.91,0
51.5,48.48,611.7,38.1,66,33.34,2
72.97,51.22,733.4,43.5,152,68.36,2
30.73,31.91,940.4,63.6,67,65.88,2
50.2,69.96,158.8,40.3,74,87.64,3
89.62,16.54,177.7,75.1,98,26.48,0
98.51,20.11,50.5,80.5,75,46.75,0
69.39,55.17,112.3,63.0,142,57.53,0
87.97,63.44,17.6,67.0,117,51.38,0
65.34,36.76,78.5,63.0,115,62.79,0
55.3,54.44,993.0,59.3,112,27.35,2
61.45,94.06,76.2,59.7,166,70.96,1
13.4,50.92,871.2,33.5,114,44.48,2
73.99,24.28,200.0,33.0,117,49.78,2
68.87,17.55,308.7,60.5,149,68.9,2
87.75,32.94,157.4,73.4,62,23.71,0
62.1,70.64,71.9,28.7,198,61.46,1
22.84,14.53,797.4,35.6,165,43.73,2
68.89,59.12,63.6,63.0,61,82.65,3
96.76,41.32,44.2,76.7,169,47.4,0
23.82,62.93,102.3,55.7,117,79.72,3
65.47,27.25,102.9,63.0,151,17.89,0
17.56,71.66,18.8,45.4,156,70.55,1
50.71,57.92,519.6,40.5,88,36.89,2
24.46,89.83,78.1,59.1,195,8.33,1
49.11,56.44,849.5,39.6,96,48.95,2
46.52,55.86,174.8,57.0,101,71.21,3
50.68,18.33,462.5,41.7,67,18.46,2
41.22,52.7,62.9,46.7,129,83.46,3
44.58,99.22,28.9,64.2,176,58.97,1
44.58,66.99,159.5,51.7,172,30.09,1
80.82,65.9,135.1,77.9,72,58.85,0
13.32,57.44,805.8,52.6,163,45.24,2
64.67,64.51,140.7,32.4,67,72.29,3
36.73,99.55,180.6,61.2,200,11.04,1
40.68,66.93,182.4,47.4,177,29.59,1
21.95,85.73,132.1,31.5,181,15.46,1
17.91,61.71,92.5,62.2,130,92.09,3
33.77,21.52,433.2,51.0,123,67.45,2
90.54,45.93,154.0,71.8,166,32.5,0
64.35,35.5,104.0,63.0,61,49.37,0
71.27,51.63,36.6,41.9,72,73.81,3
81.82,45.48,170.1,65.6,141,27.22,0
47.18,36.71,603.2,50.1,147,43.46,2
79.47,38.42,156.8,68.0,172,10.08,0
51.57,90.48,174.7,51.5,197,24.42,1
21.27,90.09,70.5,45.3,200,62.37,1
19.14,38.14,55.9,54.9,154,81.41,3
57.01,16.5,260.4,44.1,115,56.71,2
26.95,50.87,117.3,38.3,68,72.66,3
80.4,15.06,8.9,65.8,96,45.66,0
69.81,59.23,261.0,60.9,127,27.12,2
63.38,46.2,106.3,63.0,76,67.06,0
83.09,65.31,19.3,69.0,95,12.21,0
84.55,49.25,124.6,78.9,140,18.63,0
59.4,60.21,90.1,41.5,118,76.29,3
74.63,34.13,444.4,63.4,159,55.35,2
34.67,22.72,695.6,29.6,91,42.88,2
20.73,98.67,78.5,57.8,196,35.05,1
33.82,91.13,113.0,32.9,195,22.01,1
32.28,62.27,164.9,54.9,144,40.91,1
24.72,35.74,602.0,35.7,79,62.0,2
13.1,31.12,146.4,41.4,162,76.75,3
55.52,15.8,389.6,29.0,145,39.63,2
40.62,89.36,126.7,55.5,190,14.96,1
39.9,29.04,142.8,64.0,124,82.39,3
16.45,80.56,164.4,35.2,153,41.4,1
57.9,67.1,184.3,54.4,75,87.56,3
46.02,82.47,103.2,60.9,185,29.94,1
37.2,45.3,29.3,66.4,122,96.76,3
65.16,39.42,307.8,46.3,87,44.97,2
74.54,23.27,125.0,63.0,72,35.1,0
80.6,64.59,28.2,76.0,95,18.25,0
68.73,21.52,177.9,63.0,85,50.09,0
85.44,23.8,80.7,77.1,111,64.32,0
24.34,62.95,48.1,45.1,135,82.09,3
65.56,66.47,60.1,39.4,151,21.28,1
44.29,37.21,73.2,34.6,98,97.7,3
43.72,61.36,271.1,62.3,76,76.91,2
26.95,73.38,161.4,61.0,155,38.27,1
80.11,35.45,144.1,67.1,68,17.55,0
60.44,29.98,591.7,52.7,105,33.33,2
67.95,46.26,56.0,63.0,120,48.37,0
42.6,54.74,25.4,32.3,89,97.13,3
49.36,90.05,84.5,69.4,171,14.22,1
73.53,45.5,74.3,67.6,96,37.45,0
35.88,31.43,152.8,29.9,156,78.74,3
53.67,47.05,181.8,53.1,142,86.16,3
92.44,26.42,81.8,82.3,78,42.29,0
14.73,50.58,297.5,36.8,154,51.19,2
89.41,49.57,64.0,71.6,72,58.6,0
54.36,50.31,997.5,60.5,59,24.95,2
57.16,66.07,31.5,32.1,70,90.84,3
12.08,49.13,17.6,54.0,82,69.78,3
41.93,75.06,176.6,49.0,153,59.32,1
64.76,38.35,70.2,63.5,69,26.81,0
24.65,56.93,256.4,59.7,140,73.77,2
64.15,34.73,46.8,63.0,115,33.16,0
73.73,45.87,148.0,75.5,64,12.36,0
42.0,44.76,27.2,68.0,117,96.9,3
90.53,40.91,113.3,78.1,99,17.43,0
65.6,38.08,15.6,63.0,163,41.53,0
45.2,64.38,101.4,40.4,52,78.93,3
73.77,42.32,115.7,66.1,78,45.62,0
13.52,14.85,385.9,52.7,100,22.43,2
87.75,21.39,133.0,72.6,119,16.53,0
27.26,81.77,128.0,58.3,148,56.44,1
15.73,13.38,938.3,54.2,141,30.87,2
28.66,61.29,629.6,57.5,64,65.49,2
43.91,74.8,8.7,48.6,181,53.07,1
77.13,55.43,82.9,74.1,80,70.66,0
24.45,49.94,957.8,31.2,85,20.92,2
38.11,65.57,46.5,28.5,140,9.77,1
60.91,34.13,54.7,45.7,159,96.94,3
20.22,37.64,911.4,62.4,104,69.13,2
39.47,52.24,224.2,28.4,88,74.62,2
72.39,46.13,34.3,63.0,121,14.74,0
55.2,22.33,129.9,29.8,155,89.89,3
53.69,44.73,111.3,67.0,135,71.15,3
22.7,58.19,334.5,38.3,59,40.25,2
40.07,48.51,56.2,68.8,116,91.74,3
71.03,33.21,95.6,71.0,148,50.41,0
25.05,38.81,160.4,28.6,143,94.15,3
87.32,52.88,141.4,74.0,106,49.55,0
57.32,15.32,146.3,28.8,64,83.17,3
31.91,50.41,634.1,46.0,122,44.87,2
35.41,60.94,261.0,45.2,50,28.92,2
52.23,89.56,6.0,49.5,174,64.22,1
33.15,80.49,42.3,35.9,140,68.79,1
47.59,67.24,73.3,37.5,170,20.97,1
64.41,20.88,111.4,63.0,54,39.32,0
63.51,28.01,177.2,67.0,112,32.62,0
87.99,59.86,143.2,79.0,168,35.55,0
23.37,30.18,433.3,63.1,150,21.77,2
49.38,69.97,111.2,52.6,79,70.96,3
45.37,48.89,752.8,54.3,158,70.91,2
31.12,99.23,83.9,65.1,175,50.52,1
55.53,37.67,181.9,44.8,139,80.06,3
12.84,17.98,13.7,34.5,52,68.46,3
40.45,27.14,493.2,63.9,56,24.98,2
71.56,78.76,111.9,36.8,170,23.6,1
41.57,83.21,152.7,37.0,162,63.56,1
71.43,70.57,144.8,51.1,141,35.21,1
21.4,64.26,631.1,29.1,51,40.22,2
48.17,63.61,164.8,59.2,140,77.59,3
44.31,68.95,119.9,57.4,140,27.18,1
63.97,48.24,704.9,35.7,125,21.84,2
22.37,37.95,863.4,67.4,149,54.91,2
31.62,67.08,10.4,48.6,150,94.18,3
65.97,92.64,182.2,45.4,204,28.65,1
47.82,33.55,847.9,41.8,70,57.57,2
37.01,13.0,315.1,51.3,85,44.95,2
18.7,61.24,817.7,36.3,132,72.96,2
54.5,92.08,89.5,42.9,181,15.6,1
29.24,46.65,8.2,60.8,66,98.1,3
20.76,49.31,96.5,45.2,51,91.65,3
24.6,67.76,162.4,33.3,155,34.18,1
33.96,45.02,45.4,35.9,104,95.37,3
22.68,25.1,509.3,40.6,98,51.0,2
40.82,28.07,227.7,50.8,153,47.42,2
59.06,88.83,139.6,30.9,167,46.82,1
69.69,79.49,24.8,61.0,174,8.99,1
58.29,90.47,171.5,44.7,169,45.79,1
95.25,58.81,84.7,84.7,138,18.3,0
42.34,25.66,154.3,28.2,135,73.2,3
86.55,62.6,89.0,70.3,125,52.22,0
49.48,42.47,18.7,63.1,64,68.22,3
27.98,22.13,810.5,34.2,56,29.3,2
94.08,64.98,45.0,70.8,64,15.12,0
68.95,72.74,137.5,38.5,174,36.32,1
84.24,62.95,67.1,79.1,150,16.96,0
64.49,54.88,883.6,49.0,124,32.84,2
26.71,62.84,136.9,36.6,140,27.43,1
81.34,63.4,32.8,68.5,106,11.24,0
40.12,35.21,170.8,35.8,124,99.63,3
26.01,99.23,119.6,51.3,223,44.17,1
57.72,74.93,142.7,67.2,168,33.88,1
67.86,91.33,178.0,37.3,189,37.17,1
45.58,90.11,104.3,37.7,198,9.09,1
71.26,47.89,108.8,63.0,105,21.2,0
95.2,59.09,89.3,79.6,131,62.58,0
46.56,28.9,116.0,38.8,129,89.94,3
15.89,92.34,155.1,36.4,253,24.01,1
24.81,37.6,158.0,46.9,90,94.65,3
66.39,61.55,184.4,59.0,114,83.66,3
53.21,95.33,56.4,29.3,237,56.2,1
66.69,44.98,214.3,36.1,102,17.24,2
92.91,62.2,116.7,84.8,163,10.02,0
29.6,68.11,96.9,34.0,186,16.56,1
72.66,60.66,5.5,38.0,60,75.24,3
61.75,63.1,118.8,54.3,140,69.4,1
30.78,24.94,63.0,65.9,86,94.04,3
31.15,80.44,35.3,31.3,166,35.35,1
68.86,31.42,88.4,57.2,80,89.78,3
47.12,60.86,91.2,64.3,129,73.53,3
28.16,51.23,126.0,52.6,98,99.49,3
49.02,50.65,205.1,52.9,107,25.16,2
84.15,41.15,78.1,77.3,138,36.32,0
80.95,47.7,42.3,80.9,138,23.13,0
39.26,64.38,110.9,61.0,141,59.74,1
31.56,18.48,141.1,50.3,97,95.81,3
45.46,86.9,40.9,28.9,199,13.94,1
67.77,27.99,66.8,44.6,53,95.46,3
65.0,99.66,84.9,28.5,224,47.7,1
54.74,13.5,455.6,28.8,98,69.68,2
19.41,68.82,18.6,36.7,141,96.64,3
81.18,53.54,43.4,70.5,158,70.19,0
50.01,47.55,579.8,52.8,53,59.12,2
51.76,80.27,182.0,53.0,194,27.1,1
81.1,26.58,130.3,72.4,139,40.75,0
89.0,32.7,144.5,80.7,102,35.39,0
16.37,27.48,31.1,41.5,103,77.68,3
72.83,63.46,184.7,52.3,134,70.02,3
36.34,69.37,121.6,56.2,144,66.71,1
14.64,27.81,822.0,40.6,53,61.94,2
71.71,80.79,60.6,61.9,179,69.2,1
94.83,53.83,153.9,75.5,137,60.95,0
48.02,50.56,419.9,67.7,69,19.5,2
43.85,90.82,12.6,66.4,199,14.42,1
38.5,89.66,144.8,54.6,202,15.61,1
20.32,69.27,173.9,46.4,140,24.21,1
30.0,38.84,32.7,38.7,137,74.97,3
80.92,52.1,175.6,67.3,85,65.73,0
39.75,37.19,12.3,69.0,55,74.29,3
69.81,75.14,59.7,50.8,168,25.74,1
71.57,23.82,149.4,56.4,50,75.14,3
19.15,54.97,419.6,49.3,67,64.86,2
53.35,47.82,184.0,40.6,71,90.69,3
38.11,67.94,149.2,43.7,154,37.43,1
19.79,76.73,13.8,49.1,146,59.08,1
73.87,58.14,74.6,67.7,113,11.1,0
73.51,43.02,51.7,66.2,155,56.8,0
51.23,68.59,135.4,53.2,140,58.27,1
47.1,86.23,139.2,69.6,209,67.47,1
67.98,49.18,59.3,63.0,120,25.41,0
44.33,56.0,238.6,49.3,158,59.47,2
45.07,25.23,910.0,47.3,133,43.94,2
17.08,65.45,160.3,48.6,137,70.51,3
29.6,70.19,7.8,69.2,147,66.08,1
19.34,46.17,753.6,62.9,94,45.53,2
58.05,27.3,305.8,61.9,70,60.1,2
36.19,89.95,79.7,36.6,165,63.44,1
64.11,95.52,61.2,48.9,223,50.09,1
66.84,81.38,103.6,67.3,161,58.21,1
39.35,39.54,428.5,62.7,151,58.67,2
46.64,60.48,775.3,39.5,127,21.6,2
37.74,24.64,57.8,28.2,125,77.26,3
40.69,20.04,458.5,56.6,74,56.93,2
71.22,36.39,148.1,63.5,87,47.73,0
34.9,27.34,99.9,57.3,121,90.96,3
49.71,49.77,378.3,61.0,118,13.79,2
48.52,14.02,842.5,60.2,57,40.87,2
30.01,51.41,277.5,57.1,118,52.26,2
97.89,64.75,45.9,85.5,89,41.94,0
23.38,29.09,87.8,34.3,81,97.93,3
67.66,11.83,611.7,48.7,65,21.12,2
44.74,53.64,6.6,30.8,85,91.5,3
45.04,68.99,179.2,34.1,129,77.79,3
58.91,53.33,61.3,45.6,68,79.55,3
24.33,16.36,256.4,57.7,151,61.21,2
24.32,82.7,41.7,64.3,183,58.7,1
90.86,45.13,106.8,72.4,137,20.97,0
72.6,31.23,177.8,63.0,166,39.41,0
12.95,54.02,76.6,55.7,55,83.58,3
58.84,67.36,95.7,42.0,140,45.93,1
39.02,75.8,41.1,66.8,175,11.37,1
40.68,57.4,86.9,35.8,61,82.65,3
70.93,48.81,621.1,56.0,113,13.58,2
31.08,64.66,636.8,48.7,54,69.12,2
22.68,99.69,13.1,67.7,213,28.46,1
91.88,55.88,173.5,78.2,168,20.03,0
27.28,42.57,786.9,49.5,136,46.81,2
44.22,65.11,84.0,65.8,118,97.6,3
17.75,48.55,728.3,35.7,119,29.32,2
70.22,28.62,106.9,63.0,104,54.73,0
60.97,62.51,97.6,50.1,140,30.55,1
40.52,17.68,169.1,32.4,155,98.69,3
32.05,18.72,72.5,45.9,70,92.79,3
54.16,50.4,146.8,39.4,149,80.49,3
12.92,26.73,991.7,40.4,79,46.14,2
91.42,60.99,36.4,75.0,143,71.53,0
64.9,42.56,36.7,63.0,144,64.51,0
63.33,39.61,79.5,63.0,174,65.54,0
72.89,50.48,544.1,56.5,87,64.17,2
37.59,97.99,75.3,51.0,198,31.19,1
58.14,63.77,6.0,54.4,140,18.72,1
54.56,38.79,527.3,28.2,84,60.82,2
38.95,89.84,28.0,62.8,193,19.87,1
67.21,64.46,20.2,68.2,122,14.34,0
47.44,22.13,182.1,69.2,130,98.26,3
97.77,37.48,145.3,84.2,147,37.94,0
18.32,53.08,149.9,45.4,138,98.31,3
74.23,10.28,894.6,43.5,87,58.64,2
16.9,62.62,162.9,31.2,137,96.12,3
40.87,73.27,153.8,46.0,164,50.14,1
16.58,72.19,173.0,54.3,181,69.03,1
53.41,68.31,164.2,61.8,140,59.61,1
65.01,86.93,100.4,42.5,203,48.25,1
92.17,63.73,43.5,80.9,84,21.8,0
69.05,83.36,107.8,67.3,232,54.16,1
21.35,54.68,646.3,61.2,125,35.9,2
58.01,40.93,824.6,46.3,149,61.12,2
15.6,86.42,112.4,61.0,189,16.96,1
30.76,29.51,140.4,35.9,51,96.22,3
62.53,64.42,28.8,60.1,121,68.07,3
53.17,30.76,29.4,65.7,100,76.69,3
66.29,32.1,108.7,65.0,82,30.68,0
68.69,82.5,176.3,67.9,180,50.78,1
65.85,19.21,266.1,33.6,72,30.26,2
13.05,57.46,685.8,43.1,146,50.3,2
84.12,14.98,108.8,76.4,105,66.14,0
67.98,14.57,67.8,66.4,81,85.46,3
67.95,75.01,133.6,46.9,183,65.84,1
73.13,19.62,61.6,68.0,153,39.72,0
95.64,32.67,167.4,77.7,170,27.02,0
49.88,55.28,137.7,53.8,80,90.44,3
58.0,54.43,710.6,44.2,165,10.81,2
62.97,77.71,163.7,34.7,158,61.16,1
51.4,64.75,727.3,42.2,93,30.16,2
59.57,64.83,115.0,42.6,82,82.13,3
57.18,62.95,107.8,48.5,133,69.98,3
70.94,70.56,118.4,43.7,140,67.34,1
43.74,65.58,120.0,45.6,145,64.75,1
16.63,96.89,70.8,59.1,197,23.05,1
75.33,20.51,131.9,63.0,160,48.22,0
39.56,40.58,153.6,52.2,108,70.58,3
56.83,67.93,144.4,63.6,137,81.93,3
66.52,51.47,15.1,63.0,167,49.18,0
86.12,23.47,141.5,83.8,68,49.02,0
34.01,55.64,50.9,34.7,118,69.63,3
